1 F 3 FB 5 F 7 FB 9 F 11 FB 13 F 15 FB 17 F 
1 2 3 4 B F 7 8 9 B 11 F 13 14 B 16 17 F 19 B 21 22 23 
1 2 3 4 5 6 B 8 F 10 11 12 13 
1 2 3 4 5 6 7 8 9 10 F B 13 14 15 16 17 18 19 20 21 F 23 B 25 26 27 28 29 30 31 32 F 34 35 B 37 38 39 40 41 42 43 F 45 46 47 B 49 50 51 52 53 54 F 56 57 58 59 B 61 62 63 64 65 F 67 68 69 70 71 B 73 74 75 76 F 78 79 80 81 82 83 B 85 86 87 F 89 90 91 92 93 94 
1 2 3 4 5 6 F B 9 10 11 12 13 F 15 B 17 18 19 20 F 22 23 B 25 26 27 F 29 30 31 B 33 34 F 36 
1 2 F B 5 F 7 B F 10 11 FB 13 14 F B 17 F 19 B F 22 23 
1 B F B 5 FB 7 B F B 11 FB 13 B F B 17 FB 19 B F B 23 FB 25 B F B 29 FB 31 B F B 35 FB 37 B F B 41 FB 43 B F B 47 FB 49 B F B 53 FB 55 B F B 59 FB 61 B F B 65 FB 67 B F B 71 FB 73 B F B 77 FB 79 B F B 83 FB 85 B F B 89 FB 91 B F B 95 FB 97 B 
1 2 3 F 5 6 7 F 9 10 11 F 13 14 B F 17 18 19 F 21 22 23 F 25 26 27 F 29 B 31 F 33 34 35 F 37 38 39 F 41 42 43 F B 46 47 F 49 50 51 F 53 54 55 F 57 58 59 FB 61 62 63 F 65 66 
1 2 3 4 5 6 F 8 9 10 11 B 13 F 15 16 17 18 19 20 F 22 23 B 25 26 27 F 29 30 31 32 33 34 F B 37 38 39 
1 2 3 4 5 6 7 8 9 F B 12 13 14 15 16 17 18 19 F 21 B 23 24 25 26 27 28 29 F 31 32 B 34 35 36 37 38 39 F 41 42 43 B 45 46 47 48 49 F 51 52 53 54 B 56 57 58 59 F 61 62 63 64 65 B 67 68 69 F 71 72 73 74 75 76 B 78 79 F 81 82 83 84 85 86 87 B 89 F 91 92 93 
1 F 3 F 5 F B F 9 F 11 F 13 FB 15 F 17 F 
1 2 3 4 F 6 7 B 9 F 11 12 13 14 F B 17 18 19 F 21 22 23 B F 26 27 28 29 F 31 B 33 34 F 36 37 38 39 
1 2 3 4 5 6 7 8 9 10 11 12 F 14 15 16 17 18 B 20 21 22 23 24 25 F 27 28 29 30 31 32 33 34 35 36 37 B F 40 41 42 43 44 45 46 47 48 49 50 51 F 53 54 55 56 B 58 59 
1 2 3 4 5 6 7 F 9 B 11 12 13 14 15 F 17 18 19 B 21 22 23 F 25 26 27 28 29 B 31 F 33 34 35 36 37 38 39 FB 41 42 43 44 45 46 47 F 49 B 51 52 53 54 55 F 57 58 59 B 61 62 63 F 65 66 67 68 69 B 71 F 73 74 75 76 77 78 79 FB 81 82 83 84 85 86 87 F 89 B 
1 2 3 F 5 6 7 F 9 10 11 F B 14 15 F 17 18 19 F 21 22 23 F 25 B 27 F 29 30 31 F 33 34 35 F 37 38 B F 41 42 43 F 45 46 47 F 49 50 51 
1 2 3 4 5 6 7 F B 10 11 12 13 14 15 F 17 B 19 20 21 22 23 F 25 26 B 28 29 30 31 F 33 34 35 B 37 38 39 F 41 42 43 44 B 46 47 F 49 50 51 52 53 B 55 F 57 58 59 60 61 62 B F 65 66 67 68 69 70 71 FB 73 74 75 76 77 78 79 F B 82 83 84 85 86 87 F 89 B 91 92 93 94 95 F 97 98 B 
1 F 3 F 5 FB 7 F 9 F 11 FB 13 F 15 F 17 FB 19 F 21 F 23 FB 25 F 27 F 29 FB 31 F 33 F 35 FB 
1 2 3 F 5 6 7 F B 10 11 F 13 14 15 F 17 B 19 F 21 22 23 F 25 26 B F 29 30 31 F 33 34 35 FB 37 38 39 F 41 42 43 F B 46 47 F 49 50 51 F 53 B 55 F 57 58 59 F 61 62 B F 65 66 67 F 69 70 71 FB 73 74 75 F 77 78 79 F B 82 83 F 85 86 87 F 89 B 91 
1 2 3 4 5 F B 8 9 10 11 F 13 B 15 16 17 F 19 20 B 22 23 F 25 26 27 B 29 F 31 32 33 34 B F 37 38 39 40 
1 F 3 F 5 FB 7 F 9 
